  0 21 95 82 56 41  6 25 10  4 63  6 44 40 75 79  0 89 35  9  1 85 84 12  0 26 91 11 35 82 26 69 56 86 45 91 59 18 76 39 18 57 36 61 36 21 71 11 29 82
 21  0 82  6 71  8 77 74 30 89 76 76 40 93 56  1 50  4 36 27 85  2  1 15 11 35 11 20 21 61 80 58 21 76 72 44 85 94 90 51  3 48 29 90 66 41 15 83 96 74
 95 82  0 45 65 40 54 83 14 71 77 36 53 37 26 87 76 91 13 29 11 77 32 87 67 94 79  2 10 99 56 70 99 60  4 56  2 60 72 74 46 13 20 86  4 77 15 89 48 14
 82  6 45  0 89 44 59 22 57 63  6  0 62 41 62 46 25 75 76 40 66 58 30 68 78 91 13 59 49 85 84  8 38 41 56 39 53 77 50 30 58 55 19 85 52 34 53 40 69 12
 56 71 65 89  0 85 72  7 49 46 87 58 17 68 27 21  6 67 26 82 44 35  3 62  8 51  1 91 39 87 72 45 96  7 87 68 33  3 21 90 45 47 25 30 43 97 33 35 61 42
 41  8 40 44 85  0 36 43  7 84  6  0  0 48 62 59 29 94 82 29  3  3 51 67 39 15 66 42 23 62 62 28 76 66 82 98 35 15 17 77 44 26 76 86 60 62 62 83 91 57
  6 77 54 59 72 36  0 62 36  2  2 43 65 37 49 61  5 34 53 96 82 48 28 31 75  1 95  7 92 69 62 32 97  5 39 50 82 93 71 35 14 20 74 49 50 37 79 19 51 70
 25 74 83 22  7 43 62  0 42 26 79 98 60 35  9 96 70 21 37 37 67 93 93 39  2 52 26 90 26  1 68 93  7 94 19 54 37  0 20 12 11 66 84 80  1 55  9 21 12 65
 10 30 14 57 49  7 36 42  0  7 17 51 84 87  2 27 82 71 71 40 93 27 93 92 34 39 31 26  1 87 72 59 97 46 62 12 91 63 70  1 22 49 24 58 62 49 94 92 63 13
  4 89 71 63 46 84  2 26  7  0 45 22 69 70 18  1 44 32  3 72 99 34 45 18 96 82 79 75 83 43 26 81 39 66 22 71 58 42 91 56 27 56 28 64 98 69 69 93 35 41
 63 76 77  6 87  6  2 79 17 45  0 67 12 33  1 71 72 26 86 67 67 24 10 46 56 56 69 53 48 74 43 94 29 64 97 38 12 99 51 87 76 71 47 47  9 71 20 81 99 45
  6 76 36  0 58  0 43 98 51 22 67  0 56 15 99 64 57 84 83 61 25 41  8 46 52 22 33 68 52 28 75 99  6 85 65 47 90 24 79 70 28 19 87 80  4 21 34 12 20 67
 44 40 53 62 17  0 65 60 84 69 12 56  0 24 94 10 64 52 92 49 68 65 66 28 81 17 58 99 90 70 17 57 37  2 37  3 43 20 68 35 60 23 48 40 10 42 83 82 27 49
 40 93 37 41 68 48 37 35 87 70 33 15 24  0 15 34 50 42 26 33 23 16 69 97 13 35 80 40 55 30 22 76 55 56 91 74 82 96  2 13  4  4 35 48 29 42 56  3 30 60
 75 56 26 62 27 62 49  9  2 18  1 99 94 15  0 81 37 42  3 17 25 37 26 88 95 55 53 62 22 44 86 43 43 40 36 53 34 59 43 50 58 62 43  9 22 64 46 68 53  8
 79  1 87 46 21 59 61 96 27  1 71 64 10 34 81  0 30 30 92  6 13 95 76 81 91 37 78 90 64 49 46 19 60 93 35 47 69 54 87 12 39 33 54 12 10  4 88 54 46 82
  0 50 76 25  6 29  5 70 82 44 72 57 64 50 37 30  0 84  8 29 10 92 62 62 74 48 22 85 23  3 30 12 98 69 29 61 34 53 98 94 33 77 31 54 71 78  8 78 50 76
 89  4 91 75 67 94 34 21 71 32 26 84 52 42 42 30 84  0 56 80 72 26 20 57 39 68 55 71 19 32 87 41 94 21 21 20 61 13  5 46 97 61  8 92 33 73  0 16 73 74
 35 36 13 76 26 82 53 37 71  3 86 83 92 26  3 92  8 56  0 44 55 96 67 94 83 28 22 78 55 89 11 99 84 56 30 90 87 80 20 66 59 93 79 80 28 68 99 54 69 99
  9 27 29 40 82 29 96 37 40 72 67 61 49 33 17  6 29 80 44  0  1 49 63 23 33 99 40 29 60 95 28 44 30 88 66  9 41  3  4 63 61 87 34 28 55 63 10 78 17 90
  1 85 11 66 44  3 82 67 93 99 67 25 68 23 25 13 10 72 55  1  0  0 66 62 30 76  0 91 62 73 38 49 85 86 88 13 71 46 75 98 53 52 10 84 70 44  8 52 59 48
 85  2 77 58 35  3 48 93 27 34 24 41 65 16 37 95 92 26 96 49  0  0 85 29 94 79  4 85 31 54 95 75 81 11 56 38 95 37 67 54 88 93 53 44 68 58 98 55 84 76
 84  1 32 30  3 51 28 93 93 45 10  8 66 69 26 76 62 20 67 63 66 85  0 19 46 89 89  5 23 63 19 53 20 47 17 66 60 86 14 52 27 77  5 37 27 53 88 84 63  1
 12 15 87 68 62 67 31 39 92 18 46 46 28 97 88 81 62 57 94 23 62 29 19  0 26 18 85 59 24 64 81 12 72 32 64 18 79 23 56 63  2 78  3 32  3  2 18 89 50 69
  0 11 67 78  8 39 75  2 34 96 56 52 81 13 95 91 74 39 83 33 30 94 46 26  0 66 20 97 52 81 42 28 71 71 53 87 31 36 99 98 38 97 26 31 60 83 43 16 91 96
 26 35 94 91 51 15  1 52 39 82 56 22 17 35 55 37 48 68 28 99 76 79 89 18 66  0 52 48 12 17 13 35  7 96 17 59 26 30 43 53 26 37 93 35 49 33 87 55 48 63
 91 11 79 13  1 66 95 26 31 79 69 33 58 80 53 78 22 55 22 40  0  4 89 85 20 52  0 81 55 12 28 79 62 63 11 56  0 10 34  1 75 62 33 68 51 53 80 84 40  3
 11 20  2 59 91 42  7 90 26 75 53 68 99 40 62 90 85 71 78 29 91 85  5 59 97 48 81  0 32 27 32 61 27 92 25  2 15  9 30  0 97 24 14 10 84 56 83  0 16 67
 35 21 10 49 39 23 92 26  1 83 48 52 90 55 22 64 23 19 55 60 62 31 23 24 52 12 55 32  0  2  5 98 73 47 81 88 39 46 13  9 89 96 30 66 37  2  0  1  8 84
 82 61 99 85 87 62 69  1 87 43 74 28 70 30 44 49  3 32 89 95 73 54 63 64 81 17 12 27  2  0 99  7 62 58 49 93 47 53 34 39  8 86 18 52  4 95  3 80  9  3
 26 80 56 84 72 62 62 68 72 26 43 75 17 22 86 46 30 87 11 28 38 95 19 81 42 13 28 32  5 99  0  5 26 36 92  8 94 75  8 64 73 47 68 78  8 40  6 31 85 47
 69 58 70  8 45 28 32 93 59 81 94 99 57 76 43 19 12 41 99 44 49 75 53 12 28 35 79 61 98  7  5  0 96  5 98 44 86  0 93 53 16 87 94 23 61 80 35 17 45 51
 56 21 99 38 96 76 97  7 97 39 29  6 37 55 43 60 98 94 84 30 85 81 20 72 71  7 62 27 73 62 26 96  0 26 54 59 57 25 99 87 34 79 24 41 29  7 26 71 36 18
 86 76 60 41  7 66  5 94 46 66 64 85  2 56 40 93 69 21 56 88 86 11 47 32 71 96 63 92 47 58 36  5 26  0 57 16 28  1 24 68 56 81  1 54 22 67 44  6 46 30
 45 72  4 56 87 82 39 19 62 22 97 65 37 91 36 35 29 21 30 66 88 56 17 64 53 17 11 25 81 49 92 98 54 57  0  0 86 73 15 81 68 36 12 65 18 59 93 34 92 82
 91 44 56 39 68 98 50 54 12 71 38 47  3 74 53 47 61 20 90  9 13 38 66 18 87 59 56  2 88 93  8 44 59 16  0  0 69  3 24 94 53 66 98  6 98 30 31 41 74 23
 59 85  2 53 33 35 82 37 91 58 12 90 43 82 34 69 34 61 87 41 71 95 60 79 31 26  0 15 39 47 94 86 57 28 86 69  0 56 15 63 91 67 10 63  5 20 27 20 15 75
 18 94 60 77  3 15 93  0 63 42 99 24 20 96 59 54 53 13 80  3 46 37 86 23 36 30 10  9 46 53 75  0 25  1 73  3 56  0 56 89 93 60 37 44 41 76 25  6 62 60
 76 90 72 50 21 17 71 20 70 91 51 79 68  2 43 87 98  5 20  4 75 67 14 56 99 43 34 30 13 34  8 93 99 24 15 24 15 56  0 51 57 79 34 41 82 95 15 94 12 90
 39 51 74 30 90 77 35 12  1 56 87 70 35 13 50 12 94 46 66 63 98 54 52 63 98 53  1  0  9 39 64 53 87 68 81 94 63 89 51  0 49 82 56 75 39 48 84 15 45 93
 18  3 46 58 45 44 14 11 22 27 76 28 60  4 58 39 33 97 59 61 53 88 27  2 38 26 75 97 89  8 73 16 34 56 68 53 91 93 57 49  0 74 87 39 10 81 54 80 88 13
 57 48 13 55 47 26 20 66 49 56 71 19 23  4 62 33 77 61 93 87 52 93 77 78 97 37 62 24 96 86 47 87 79 81 36 66 67 60 79 82 74  0 62 11 65 72 18 81 55 82
 36 29 20 19 25 76 74 84 24 28 47 87 48 35 43 54 31  8 79 34 10 53  5  3 26 93 33 14 30 18 68 94 24  1 12 98 10 37 34 56 87 62  0 20 33 20 77 99  5 70
 61 90 86 85 30 86 49 80 58 64 47 80 40 48  9 12 54 92 80 28 84 44 37 32 31 35 68 10 66 52 78 23 41 54 65  6 63 44 41 75 39 11 20  0 31 33 52 47 55 29
 36 66  4 52 43 60 50  1 62 98  9  4 10 29 22 10 71 33 28 55 70 68 27  3 60 49 51 84 37  4  8 61 29 22 18 98  5 41 82 39 10 65 33 31  0 74  7 30 64 45
 21 41 77 34 97 62 37 55 49 69 71 21 42 42 64  4 78 73 68 63 44 58 53  2 83 33 53 56  2 95 40 80  7 67 59 30 20 76 95 48 81 72 20 33 74  0 13  7 96 98
 71 15 15 53 33 62 79  9 94 69 20 34 83 56 46 88  8  0 99 10  8 98 88 18 43 87 80 83  0  3  6 35 26 44 93 31 27 25 15 84 54 18 77 52  7 13  0 47  0 60
 11 83 89 40 35 83 19 21 92 93 81 12 82  3 68 54 78 16 54 78 52 55 84 89 16 55 84  0  1 80 31 17 71  6 34 41 20  6 94 15 80 81 99 47 30  7 47  0 94 53
 29 96 48 69 61 91 51 12 63 35 99 20 27 30 53 46 50 73 69 17 59 84 63 50 91 48 40 16  8  9 85 45 36 46 92 74 15 62 12 45 88 55  5 55 64 96  0 94  0  6
 82 74 14 12 42 57 70 65 13 41 45 67 49 60  8 82 76 74 99 90 48 76  1 69 96 63  3 67 84  3 47 51 18 30 82 23 75 60 90 93 13 82 70 29 45 98 60 53  6  0